
Search: 183.70826935768127
search_results: 7.742774486541748
add_diagnostics: 0.6752312183380127

Search: 194.03564977645874
search_results: 8.598201036453247
add_diagnostics: 0.788205623626709
